6
7
8
10
13
14
16
17
18
19
20
21
22
24
25
26
28
29
30
33
34
36
37
38
39
40
41
42
43
44
45
46
48
49
52
53
56
57
58
60
62
63
65
66
70
71
72
74
76
79
80
81
82
83
85
86
87
92
95
96
100
104
108
109
110
111
112
113
116
117
118
119
120
121
122
124
125
126
128
129
130
131
132
133
134
135
136
137
138
139
140
144
145
148
149
151
152
153
154
155
156
158
162
164
165
166
168
169
172
173
177
179
180
181
182
183
185
189
190
191
192
193
194
195
196
201
204
205
206
209
211
212
215
216
217
219
222
223
224
228
231
232
233
234
235
236
237
238
239
241
245
247
249
250
251
253
254
255
256
258
259
260
261
262
264
265
267
268
269
270
271
272
274
276
277
278
279
282
283
284
285
286
290
291
293
294
295
296
297
299
300
301
302
303
304
307
310
311
313
314
315
320
321
322
323
325
327
335
337
339
342
344
345
346
348
351
353
358
359
360
361
362
364
365
366
367
368
370
371
372
374
375
376
379
384
388
390
392
398
399
400
401
404
405
406
407
408
410
412
413
414
415
424
425
426
427
428
430
431
432
436
439
440
442
443
444
445
447
449
452
455
456
457
458
459
460
461
462
463
464
465
466
467
468
469
473
474
475
476
477
478
479
480
486
491
492
493
495
497
498
499
500
501
502
503
504
506
507
510
512
513
515
520
522
526
527
528
529
530
531
532
533
534
535
537
539
540
541
543
544
545
546
547
548
550
552
553
555
558
559
563
566
570
575
577
578
579
582
585
586
589
591
593
594
598
600
601
605
606
608
609
613
615
616
617
618
619
620
622
624
625
627
628
634
635
637
638
641
643
644
645
646
647
648
650
651
652
653
654
655
656
659
660
661
663
670
672
674
675
676
678
680
681
682
683
685
686
687
688
691
692
693
694
696
698
701
702
706
707
708
709
710
713
715
718
719
723
724
725
727
729
730
732
733
734
735
736
737
738
739
743
744
745
746
749
750
751
753
754
755
756
758
760
765
766
767
768
770
773
774
775
780
781
782
783
784
786
787
790
793
794
795
796
797
798
802
804
806
807
810
811
815
824
827
829
832
844
845
851
852
853
854
856
858
859
860
861
862
863
864
865
866
867
868
869
873
874
875
877
881
882
883
886
889
890
891
892
894
896
898
899
900
901
902
904
910
912
913
915
917
921
922
923
927
928
930
931
932
934
937
938
941
942
944
950
952
955
956
958
960
961
962
963
964
968
971
972
973
974
975
976
977
979
980
981
984
985
989
990
991
993
996
997
998
999
1000
1009
1014
1016
1017
1018
1019
1020
1021
1022
1023
1024
1025
1026
1027
1028
1031
1032
1033
1034
1035
1036
1037
1038
1039
1042
1043
1044
1052
1053
1058
1060
1061
1062
1064
1065
1066
1067
1069
1070
1072
1073
1077
1078
1079
1080
1081
1082
1083
1085
1087
1090
1091
1094
1095
1099
1100
1101
1103
1104
1106
1108
1109
1110
1113
1114
1115
1116
1118
1119
1120
1122
1123
1125
1126
1127
1128
1129
1130
1131
1132
1133
1134
1135
1137
1141
1142
1144
1145
1146
1147
1149
1150
1151
1152
1153
1155
1156
1157
1158
1161
1162
1164
1165
1166
1168
1169
1170
1171
1172
1173
1174
1176
1177
1179
1180
1182
1183
1184
1185
1187
1190
1192
1193
1194
1198
1199
1200
1201
1202
1204
1205
1206
1209
1211
1212
1214
1215
1216
1217
1218
1223
1225
1226
1229
1230
1232
1233
1235
1236
1241
1244
1246
1247
1248
1253
1254
1256
1258
1259
1260
1261
1262
1263
1264
1265
1266
1267
1268
1269
1271
1272
1274
1275
1276
1277
1278
1279
1281
1282
1283
1284
1286
1289
1291
1292
1293
1294
1295
1296
1297
1298
1299
1301
1302
1303
1304
1305
1306
1307
1308
1310
1312
1313
1318
1319
1320
1321
1322
1323
1325
1326
1328
1330
1331
1332
1333
1334
1335
1336
1339
1340
1344
1345
1346
1347
1348
1349
1351
1352
1353
1354
1356
1359
1361
1363
1364
1365
1366
1367
1369
1370
1371
1372
1373
1376
1377
1378
1381
1384
1385
1386
1387
1388
1390
1391
1392
1393
1394
1395
1396
1397
1398
1399
1401
1403
1404
1405
1406
1407
1409
1410
1412
1414
1415
1416
1421
1422
1424
1427
1428
1429
1430
1432
1435
1436
1437
1438
1441
1442
1443
1444
1445
1446
1447
1448
1449
1450
1451
1452
1454
1457
1459
1461
1462
1464
1465
1466
1467
1469
1470
1471
1472
1473
1474
1476
1479
1480
1481
1482
1483
1486
1487
1488
1489
1490
1494
1495
1496
1498
1499
1500
1501
1502
1503
1505
1506
1507
1508
1509
1510
1511
1512
1515
1516
1517
1518
1519
1520
1521
1522
1523
1524
1525
1526
1529
1530
1531
1538
1539
1542
1543
1546
1547
1549
1550
1551
1552
1553
1554
1556
1557
1559
1560
1564
1565
1566
1567
1570
1571
1572
1573
1574
1575
1576
1577
1578
1579
1580
1582
1583
1584
1585
1587
1588
1591
1592
1593
1594
1595
1596
1597
1600
1602
1604
1605
1607
1608
1609
1610
1611
1613
1615
1616
1618
1619
1622
1623
1624
1625
1628
1629
1632
1633
1636
1639
1641
1643
1644
1645
1647
1648
1649
1651
1654
1655
1656
1659
1662
1663
1664
1669
1672
1673
1675
1676
1677
1678
1679
1681
1685
1686
1688
1689
1690
1692
1693
1694
1697
1701
1705
1707
1708
1709
1710
1711
1713
1715
1716
1719
1724
1725
1727
1728
1729
1730
1731
1732
1735
1736
1737
1741
1744
1745
1746
1749
1750
1753
1755
1756
1757
1758
1763
1764
1766
1768
1773
1774
1775
1776
1777
1778
1779
1782
1784
1785
1788
1789
1790
1791
1793
1794
1795
1797
1799
1800
1802
1809
1810
1812
1813
1814
1816
1817
1818
1819
1822
1824
1825
1828
1831
1832
1834
1835
1836
1840
1842
1843
1844
1846
1847
1848
1849
1850
1851
1853
1854
1855
1856
1858
1860
1861
1862
1863
1864
1866
1867
1868
1870
1871
1872
1877
1878
1879
1880
1881
1882
1884
1887
1888
1893
1895
1896
1897
1898
1901
1904
1905
1908
1910
1911
1914
1917
1918
1919
1921
1922
1924
1928
1929
1930
1932
1933
1934
1938
1939
1940
1941
1942
1943
1944
1946
1947
1950
1951
1952
1953
1954
1955
1956
1957
1958
1959
1960
1961
1962
1963
1964
1965
1966
1968
1969
1972
1973
1975
1976
1977
1978
1980
1981
1982
1985
1986
1987
1989
1990
1992
1993
1994
1995
1997
1998
1999
2000
2001
2003
2006
2009
2010
2011
2014
2015
2018
2020
2021
2022
2023
2024
2025
2028
2029
2030
2031
2032
2033
2034
2035
2036
2037
2038
2044
2045
2046
2049
2050
2051
2053
2055
2056
2057
2060
2063
2065
2066
2068
2070
2071
2074
2076
2077
2078
2079
2080
2082
2083
2084
2085
2086
2087
2088
2089
2090
2091
2092
2093
2094
2095
2096
2097
2100
2102
2104
2105
2109
2111
2112
2113
2114
2116
2117
2118
2119
2120
2121
2122
2123
2124
2125
2126
2127
2128
2129
2134
2136
2137
2138
2141
2144
2145
2146
2147
2148
2149
2150
2151
2152
2153
2154
2155
2156
2157
2158
2159
2161
2163
2166
2167
2168
2169
2170
2172
2174
2180
2181
2185
2186
2187
2188
2189
2192
2193
2194
2197
2199
2200
2203
2204
2205
2207
2211
2214
2217
2220
2222
2223
2226
2227
2233
2234
2236
2242
2244
2246
2247
2248
2249
2252
2253
2255
2257
2258
2259
2260
2261
2274
2276
2277
2278
2279
2280
2281
2282
2283
2284
2288
2290
2293
2295
2296
2297
2298
2299
2301
2302
2303
2311
2313
2314
2315
2317
2318
2319
2320
2322
2324
2325
2326
2328
2329
2330
2331
2332
2334
2337
2338
2339
2340
2341
2342
2345
2347
2348
2350
2351
2352
2353
2358
2361
2364
2367
2368
2370
2371
2372
2374
2379
2380
2382
2388
2390
2392
2394
2395
2396
2399
2400
2401
2403
2404
2406
2407
2411
2412
2413
2415
2417
2418
2419
2421
2423
2424
2425
2426
2427
2428
2430
2431
2432
2434
2435
2436
2437
2438
2439
2441
2444
2446
2447
2448
2449
2450
2451
2452
2453
2454
2457
2458
2459
2460
2463
2467
2468
2472
2473
2477
2480
2482
2485
2487
2490
2491
2493
2494
2495
2496
2499
2500
2502
2503
2504
2506
2507
2508
2509
2510
2513
2517
2520
2521
2522
2523
2529
2534
2537
2538
2541
2544
2545
2546
2547
2548
2553
2555
2556
2557
2558
2559
2564
2565
2566
2567
2568
2569
2570
2572
2573
2574
2575
2577
2580
2587
2590
2593
2594
2596
2597
2599
2602
2603
2604
2605
2607
2608
2609
2610
2612
2613
2615
2619
2620
2627
2631
2632
2634
2635
2637
2639
2642
2644
2645
2646
2650
2651
2653
2656
2657
2659
2660
2662
2663
2664
2665
2667
2673
2674
2675
2677
2680
2681
2682
2683
2684
2687
2690
2692
2694
2695
2696
2697
2700
2701
2702
2707
2708
2712
2717
2718
2723
2724
2729
2732
2733
2734
2735
2737
2738
2739
2742
2745
2747
2749
2752
2753
2754
2755
2758
2759
2760
2761
2763
2765
2766
2767
2768
2772
2774
2775
2777
2778
2780
2781
2782
2783
2784
2786
2788
2792
2793
2794
2796
2797
2798
2799
2800
2801
2802
2803
2804
2805
2807
2809
2810
2812
2813
2814
2815
2816
2817
2819
2820
2830
2831
2834
2835
2837
2839
2840
2841
2843
2844
2846
2849
2853
2858
2862
2863
2864
2867
2868
2873
2874
2876
2877
2879
2880
2881
2882
2884
2886
2889
2890
2892
2894
2898
2899
2901
2902
2903
2904
2905
2906
2907
2908
2910
2911
2912
2914
2916
2918
2923
2924
2928
2931
2932
2933
2934
2936
2939
2941
2944
2945
2946
2947
2948
2949
2952
2957
2959
2961
2962
2963
2965
2969
2970
2971
2972
2973
2974
2976
2977
2978
2981
2982
2983
2985
2988
2989
2990
2991
2993
2994
2996
3000
3004
3006
3008
3009
3011
3013
3014
3015
3016
3018
3022
3023
3024
3030
3034
3035
3037
3038
3039
3040
3041
3042
3045
3046
3047
3052
3053
3055
3058
3059
3060
3062
3063
3064
3065
3068
3071
3072
3078
3080
3081
3083
3085
3086
3087
3088
3092
3095
3096
3097
3098
3100
3102
3103
3105
3106
3107
3112
3113
3114
3116
3117
3118
3119
3124
3125
3127
3132
3136
3138
3139
3140
3146
3147
3148
3149
3150
3151
3152
3158
3159
3161
3163
3164
3165
3166
3167
3168
3170
3171
3172
3173
3176
3179
3181
3183
3184
3185
3186
3188
3189
3190
3194
3195
3197
3202
3204
3205
3206
3209
3214
3217
3218
3220
3221
3223
3224
3225
3227
3229
3230
3233
3234
3236
3239
3244
3245
3247
3248
3249
3252
3255
3257
3274
3276
3277
3278
3279
3280
3281
3282
3283
3285
3286
3287
3290
3291
3292
3293
3294
3295
3301
3302
3304
3305
3306
3308
3309
3310
3312
3317
3318
3322
3323
3324
3325
3326
3328
3333
3335
3337
3338
3339
3344
3345
3346
3347
3348
3349
3350
3353
3354
3355
3356
3357
3360
3363
3365
3366
3367
3368
3369
3370
3371
3372
3373
3374
3375
3376
3377
3378
3379
3380
3381
3382
3383
3384
3385
3386
3387
3388
3389
3390
3391
3392
3393
3395
3399
3400
3402
3404
3407
3408
3409
3411
3412
3414
3416
3417
3418
3419
3420
3421
3422
3423
3424
3425
3426
3427
3429
3433
3434
3436
3437
3438
3445
3447
3448
3449
3450
3451
3454
3455
3457
3458
3460
3462
3472
3473
3474
3475
3476
3477
3478
3479
3480
3482
3483
3484
3486
3487
3488
3490
3494
3495
3496
3500
3502
3503
3505
3506
3507
3508
3510
3511
3513
3514
3518
3519
3520
3521
3523
3524
3526
3527
3532
3533
3534
3535
3536
3537
3539
3540
3541
3543
3544
3546
3548
3549
3551
3552
3553
3555
3557
3560
3562
3563
3564
3565
3566
3567
3568
3569
3571
3575
3577
3578
3579
3580
3582
3583
3585
3586
3587
3588
3589
3590
3592
3595
3596
3599
3600
3601
3602
3605
3606
3609
3610
3612
3613
3615
3616
3617
3619
3620
3621
3622
3623
3624
3625
3626
3627
3631
3632
3633
3634
3635
3637
3638
3639
3640
3641
3642
3644
3645
3646
3647
3649
3650
3651
3653
3655
3656
3658
3661
3662
3663
3664
3665
3666
3667
3668
3669
3670
3674
3677
3679
3680
3684
3690
3692
3693
3694
3696
3697
3698
3704
3707
3708
3714
3718
3725
3726
3727
3734
3736
3738
3739
3741
3742
3743
3745
3747
3748
3749
3750
3751
3753
3754
3758
3761
3765
3766
3771
3772
3773
3774
3775
3776
3779
3783
3784
3785
3786
3787
3788
3789
3790
3795
3796
3798
3800
3801
3803
3804
3806
3807
3808
3809
3811
3812
3813
3814
3815
3818
3819
3820
3821
3824
3827
3829
3830
3831
3832
3833
3834
3835
3836
3837
3839
3841
3842
3845
3846
3847
3848
3849
3850
3852
3857
3859
3860
3864
3865
3866
3867
3869
3872
3873
3874
3875
3877
3878
3882
3886
3887
3888
3889
3890
3891
3895
3896
3898
3899
3900
3904
3905
3906
3907
3908
3909
3911
3912
3913
3914
3915
3917
3918
3919
3920
3921
3922
3923
3924
3925
3926
3927
3928
3934
3935
3937
3938
3939
3940
3941
3942
3946
3947
3948
3949
3950
3951
3952
3953
3954
3955
3956
3957
3958
3959
3960
3961
3962
3963
3964
3966
3967
3970
3971
3972
3973
3975
3977
3981
3982
3983
3984
3985
3986
3987
3988
3990
3991
3992
3994
3995
3996
3998
4002
4003
4004
4006
4008
4009
4010
4011
4013
4015
4016
4018
4020
4021
4022
4023
4025
4026
4027
4028
4029
4035
4040
4041
4042
4044
4045
4046
4047
4048
4052
4057
4058
4059
4060
4061
4063
4064
4065
4067
4068
4069
4071
4072
4076
4078
4079
4081
4083
4084
4086
4087
4088
4089
4090
4091
4092
4094
4096
4097
4098
4099
4100
4101
4102
4104
4105
4106
4110
4111
4112
4113
4115
4117
4119
4120
4121
4122
4123
4124
4125
4126
4127
4129
4130
4133
4134
4135
4136
4140
4141
4142
4143
4144
4145
4147
4148
4149
4150
4151
4153
4154
4155
4156
4157
4160
4161
4162
4167
4168
4172
4176
4177
4178
4179
4181
4182
4183
4184
4185
4186
4187
4190
4191
4192
4194
4195
4196
4198
4206
4208
4209
4212
4215
4216
4217
4218
4219
4220
4221
4222
4223
4224
4226
4227
4229
4230
4231
4234
4235
4236
4237
4241
4243
4248
4249
4250
4251
4252
4253
4255
4258
4260
4261
4262
4263
4266
4271
4274
4277
4279
4281
4282
4285
4289
4295
4296
4299
4300
4302
4304
4308
4310
4312
4313
4315
4317
4318
4320
4323
4325
4326
4327
4328
4330
4331
4334
4335
4336
4337
4341
4342
4343
4344
4345
4346
4347
4348
4349
4350
4351
4352
4353
4354
4357
4358
4359
4361
4362
4363
4364
4365
4366
4369
4372
4373
4374
4376
4381
4383
4384
4385
4386
4387
4388
4389
4390
4392
4393
4394
4395
4396
4397
4398
4400
4401
4405
4406
4407
4410
4411
4412
4413
4414
4415
4416
4417
4418
4420
4421
4423
4424
4425
4427
4428
4429
4430
4431
4432
4433
4437
4438
4439
4440
4441
4442
4443
4444
4445
4446
4447
4448
4449
4450
4451
4452
4453
4455
4457
4459
4461
4462
4463
4464
4466
4468
4471
4473
4474
4476
4477
4478
4479
4480
4481
4482
4483
4484
4485
4486
4487
4488
4489
4490
4491
4492
4493
4494
4495
4497
4498
4499
4501
4503
4504
4507
4508
4510
4511
4513
4514
4515
4516
4517
4519
4521
4522
4524
4528
4529
4530
4531
4532
4535
4540
4545
4546
4547
4548
4550
4551
4552
4553
4554
4555
4556
4557
4559
4560
4561
4562
4564
4565
4566
4567
4568
4569
4570
4571
4573
4574
4575
4576
4577
4578
4582
4583
4589
4590
4592
4595
4597
4598
4599
4601
4602
4603
4604
4607
4612
4613
4614
4615
4616
4617
4618
4619
4624
4625
4626
4627
4628
4629
4630
4632
4635
4636
4637
4638
4640
4641
4642
4643
4644
4648
4650
4652
4653
4654
4655
4656
4659
4664
4666
4667
4668
4669
4670
4672
4673
4675
4677
4678
4679
4680
4684
4688
4690
4691
4692
4693
4694
4695
4698
4699
4700
4702
4703
4705
4706
4707
4708
4709
4710
4711
4712
4714
4719
4722
4723
4725
4726
4729
4730
4731
4732
4733
4736
4739
4741
4742
4744
4745
4746
4747
4749
4752
4755
4757
4758
4759
4760
4761
4762
4763
4764
4765
4768
4769
4770
4771
4772
4774
4775
4776
4777
4778
4779
4780
4781
4782
4783
4784
4785
4788
4790
4791
4792
4793
4794
4797
4798
4800
4801
4802
4803
4804
4807
4808
4809
4810
4811
4812
4813
4814
4815
4816
4817
4818
4819
4820
4821
4822
4823
4824
4825
4826
4827
4828
4830
4831
4834
4836
4838
4839
4840
4841
4843
4844
4846
4847
4848
4851
4852
4853
4856
4857
4858
4859
4860
4861
4862
4863
4864
4865
4866
4867
4871
4872
4874
4878
4880
4881
4884
4885
4886
4887
4888
4889
4890
4891
4892
4893
4894
4895
4896
4897
4898
4899
4902
4903
4904
4905
4906
4909
4910
4912
4913
4914
4915
4916
4917
4918
4919
4920
4921
4922
4923
4926
4927
4929
4931
4933
4934
4935
4940
4942
4943
4944
4945
4946
4947
4948
4949
4951
4953
4954
4958
4959
4960
4962
4964
4965
4967
4968
4970
4971
4972
4975
4977
4978
4980
4982
4983
4985
4989
4990
4991
4992
4995
4997
4998
4999
5000
5001
5002
5003
5004
5005
5006
5007
5008
5009
5013
5014
5016
5017
5022
5024
5025
5026
5028
5029
5030
5032
5033
5034
5035
5037
5039
5041
5042
5044
5045
5050
5051
5052
5053
5054
5058
5060
5062
5063
5064
5065
5066
5067
5069
5070
5071
5072
5073
5075
5076
5078
5079
5081
5082
5083
5084
5087
5088
5089
5093
5094
5095
5096
5099
5100
5101
5102
5103
5104
5105
5106
5107
5108
5109
5111
5112
5113
5114
5115
5116
5119
5123
5126
5127
5128
5129
5130
5136
5137
5139
5140
5141
5142
5143
5145
5146
5147
5148
5150
5151
5152
5153
5157
5158
5159
5160
5161
5162
5164
5165
5166
5167
5168
5173
5175
5176
5177
5178
5179
5183
5184
5185
5186
5187
5189
5190
5191
5196
5201
5202
5203
5204
5205
5206
5209
5210
5211
5214
5215
5216
5219
5220
5221
5222
5224
5226
5227
5229
5232
5233
5234
5236
5238
5239
5240
5241
5242
5249
5250
5253
5254
5255
5257
5259
5260
5261
5262
5263
5265
5271
5275
5277
5278
5279
5281
5283
5286
5287
5288
5289
5290
5291
5292
5293
5294
5297
5298
5300
5301
5304
5307
5308
5311
5312
5314
5318
5319
5320
5323
5324
5325
5326
5327
5329
5330
5334
5335
5336
5339
5341
5343
5344
5345
5346
5347
5349
5351
5352
5354
5355
5357
5358
5359
5360
5363
5367
5368
5371
5372
5373
5374
5376
5379
5381
5382
5385
5386
5387
5388
5393
5394
5395
5398
5401
5402
5404
5405
5407
5413
5416
5421
5423
5431
5433
5438
5439
5441
5443
5444
5445
5447
5448
5450
5451
5452
5453
5456
5458
5459
5460
5461
5465
5466
5467
5470
5472
5473
5478
5479
5480
5482
5483
5484
5485
5486
5489
5491
5492
5493
5496
5497
5498
5502
5503
5504
5505
5506
5507
5509
5510
5511
5512
5513
5514
5515
5516
5518
5519
5520
5521
5522
5524
5526
5529
5531
5538
5539
5540
5543
5544
5546
5548
5551
5553
5556
5557
5558
5559
5560
5561
5562
5563
5565
5566
5567
5568
5570
5571
5572
5576
5577
5578
5581
5583
5584
5585
5586
5587
5589
5591
5592
5593
5594
5595
5597
5598
5600
5604
5605
5606
5607
5608
5610
5612
5613
5621
5623
5624
5628
5635
5641
5642
5645
5646
5647
5648
5649
5650
5651
5653
5654
5655
5657
5658
5659
5666
5670
5671
5672
5678
5681
5687
5691
5693
5697
5698
5699
5700
5701
5702
5703
5708
5709
5710
5711
5712
5715
5717
5718
5719
5722
5725
5727
5728
5729
5732
5733
5734
5736
5737
5738
5742
5743
5744
5745
5746
5750
5751
5754
5756
5757
5758
5759
5761
5763
5767
5768
5769
5770
5771
5772
5773
5774
5775
5776
5777
5778
5781
5782
5784
5786
5787
5788
5789
5790
5792
5795
5796
5806
5809
5810
5811
5812
5813
5814
5815
5816
5817
5818
5819
5820
5821
5822
5826
5830
5836
5837
5838
5839
5840
5842
5843
5844
5845
5847
5848
5849
5852
5853
5857
5862
5863
5864
5866
5868
5869
5870
5871
5872
5873
5874
5875
5876
5878
5879
5880
5881
5883
5885
5887
5888
5889
5890
5893
5895
5896
5897
5898
5901
5902
5904
5905
5906
5911
5912
5913
5914
5915
5916
5918
5919
5920
5921
5922
5923
5924
5925
5929
5930
5931
5934
5935
5937
5938
5939
5940
5941
5942
5943
5944
5945
5946
5947
5948
5950
5951
5952
5954
5955
5956
5958
5960
5961
5962
5967
5968
5969
5970
5971
5973
5974
5976
5979
5980
5981
5982
5984
5985
5986
5987
5988
5989
5990
5991
5992
5993
5994
5996
6005
6006
6007
6009
6011
6012
6013
6014
6015
6016
6020
6026
6027
6028
6030
6031
6034
6038
6039
6042
6043
6044
6045
6047
6049
6051
6054
6056
6057
6058
6059
6060
6061
6063
6064
6065
6067
6068
6075
6076
6077
6078
6081
6082
6083
6084
6085
6086
6089
6090
6091
6092
6093
6094
6095
6097
6098
6102
6103
6106
6116
6119
6122
6124
6127
6130
6133
6135
6136
6138
6139
6141
6142
6146
6147
6148
6149
6150
6151
6154
6155
6156
6157
6159
6160
6161
6163
6164
6166
6167
6168
6171
6172
6173
6174
6175
6176
6177
6178
6179
6180
6184
6185
6186
6189
6192
6193
6194
6196
6199
6203
6204
6205
6206
6207
6208
6209
6210
6215
6216
6217
6218
6219
6220
6221
6222
6223
6224
6225
6226
6227
6228
6229
6230
6231
6232
6233
6234
6235
6236
6237
6238
6239
6240
6241
6242
6243
6245
6246
6247
6248
6252
6253
6254
6255
6262
6263
6264
6266
6267
6268
6269
6272
6274
6275
6276
6277
6278
6280
6285
6286
6287
6289
6290
6291
6292
6293
6295
6296
6297
6298
6299
6300
6301
6302
6303
6304
6305
6306
6307
6308
6309
6310
6311
6312
6313
6314
6315
6321
6323
6324
6326
6328
6330
6331
6333
6334
6335
6336
6338
6339
6340
6341
6343
6344
6345
6346
6347
6348
6350
6354
6355
6356
6357
6358
6359
6360
6361
6362
6363
6364
6367
6368
6369
6371
6372
6373
6375
6376
6377
6380
6381
6382
6387
6390
6391
6392
6394
6395
6396
6397
6398
6399
6401
6403
6404
6405
6413
6416
6417
6418
6419
6420
6422
6426
6427
6428
6429
6430
6431
6432
6433
6435
6436
6437
6439
6440
6441
6442
6443
6444
6445
6446
6447
6449
6450
6451
6452
6453
6455
6456
6457
6458
6464
6466
6467
6468
6469
6471
6473
6474
6476
6478
6479
6481
6482
6483
6484
6485
6486
6487
6489
6490
6491
6497
6499
6500
6501
6508
6510
6511
6512
6513
6515
6516
6517
6518
6519
6520
6521
6524
6525
6526
6527
6528
6529
6530
6531
6532
6533
6534
6536
6537
6539
6541
6542
6547
6548
6549
6550
6552
6553
6556
6557
6559
6560
6561
6562
6565
6567
6568
6571
6572
6573
6578
6579
6581
6582
6583
6584
6585
6586
6587
6589
6591
6593
6594
6595
6596
6598
6599
6600
6601
6604
6606
6607
6608
6610
6611
6612
6613
6614
6618
6620
6622
6623
6624
6626
6627
6628
6629
6630
6632
6633
6634
6635
6636
6641
6645
6646
6647
6649
6650
6651
6652
6653
6654
6657
6658
6660
6661
6662
6663
6664
6665
6670
6672
6673
6675
6678
6680
6683
6684
6686
6691
6696
6697
6698
6699
6700
6703
6704
6706
6708
6709
6710
6714
6715
6716
6718
6719
6720
6725
6726
6728
6730
6731
6732
6733
6734
6735
6738
6741
6742
6743
6744
6747
6749
6751
6754
6757
6759
6761
6765
6766
6767
6768
6769
6771
6773
6774
6775
6776
6777
6778
6779
6780
6781
6782
6783
6784
6785
6787
6788
6789
6790
6793
6795
6796
6798
6799
6800
6801
6802
6804
6805
6807
6808
6809
6810
6813
6816
6817
6819
6820
6821
6823
6824
6825
6826
6832
6833
6834
6835
6837
6838
6839
6841
6842
6843
6844
6846
6847
6848
6849
6850
6852
6853
6854
6855
6856
6860
6861
6869
6870
6872
6873
6875
6878
6879
6881
6882
6883
6886
6887
6888
6889
6890
6892
6893
6895
6898
6899
6901
6903
6905
6906
6907
6910
6911
6912
6914
6918
6919
6921
6923
6924
6925
6927
6928
6929
6931
6932
6933
6934
6937
6938
6939
6940
6941
6943
6944
6945
6947
6948
6953
6954
6955
6957
6961
6962
6963
6965
6966
6967
6968
6969
6970
6971
6972
6974
6975
6976
6977
6978
6979
6980
6981
6982
6983
6984
6988
6989
6990
6991
6998
6999
7000
7001
7003
7004
7005
7007
7009
7010
7013
7015
7017
7018
7020
7024
7025
7026
7027
7029
7030
7032
7033
7034
7035
7036
7038
7040
7042
7043
7044
7045
7046
7048
7050
7051
7052
7053
7056
7057
7058
7059
7061
7062
7063
7064
7067
7068
7070
7072
7073
7079
7080
7081
7082
7083
7085
7087
7089
7091
7094
7097
7101
7104
7105
7106
7108
7110
7111
7112
7113
7117
7118
7120
7121
7122
7123
7124
7125
7126
7127
7128
7130
7131
7132
7134
7135
7136
7137
7138
7141
7143
7145
7146
7147
7156
7157
7158
7159
7161
7162
7163
7168
7169
7172
7173
7174
7175
7176
7177
7178
7179
7181
7182
7183
7184
7187
7189
7191
7193
7194
7195
7199
7203
7205
7208
7209
7212
7213
7214
7216
7218
7219
7220
7224
7225
7226
7227
7228
7229
7230
7231
7232
7233
7234
7235
7236
7237
7238
7239
7241
7242
7243
7244
7245
7246
7247
7248
7249
7250
7255
7256
7257
7258
7259
7260
7263
7264
7266
7267
7269
7270
7271
7272
7273
7274
7275
7276
7277
7278
7279
7280
7281
7284
7285
7286
7287
7288
7289
7293
7294
7296
7297
7302
7303
7304
7305
7306
7309
7310
7313
7317
7318
7322
7323
7326
7328
7330
7331
7332
7333
7334
7336
7337
7340
7341
7342
7346
7347
7348
7349
7353
7354
7356
7357
7358
7359
7360
7361
7362
7363
7364
7365
7366
7367
7368
7369
7371
7372
7373
7374
7375
7376
7378
7379
7380
7381
7383
7384
7385
7388
7390
7391
7392
7393
7394
7395
7396
7400
7401
7402
7403
7404
7405
7406
7408
7409
7410
7411
7413
7414
7417
7418
7419
7426
7427
7429
7432
7433
7434
7436
7437
7439
7440
7441
7442
7443
7444
7445
7446
7447
7448
7450
7451
7452
7453
7454
7461
7465
7466
7468
7469
7470
7472
7474
7475
7476
7477
7479
7481
7483
7488
7489
7490
7496
7498
7499
7504
7505
7506
7508
7509
7511
7512
7513
7514
7515
7516
7517
7518
7519
7520
7521
7522
7523
7524
7525
7526
7528
7529
7530
7533
7534
7535
7536
7537
7538
7539
7540
7542
7543
7544
7545
7546
7547
7548
7550
7551
7553
7554
7555
7556
7557
7558
7559
7560
7561
7562
7563
7564
7568
7569
7570
7571
7572
7573
7574
7575
7576
7577
7578
7579
7580
7581
7582
7583
7584
7585
7586
7588
7589
7590
7591
7592
7594
7595
7596
7598
7602
7603
7604
7605
7606
7608
7609
7610
7611
7616
7618
7619
7625
7626
7627
7629
7631
7634
7636
7637
7638
7639
7643
7645
7646
7647
7650
7651
7654
7655
7656
7657
7658
7659
7660
7661
7662
7663
7664
7668
7670
7672
7673
7676
7677
7678
7679
7680
7681
7682
7683
7686
7687
7688
7689
7693
7698
7700
7702
7703
7704
7705
7706
7707
7709
7711
7712
7713
7716
7718
7721
7722
7723
7725
7726
7727
7728
7730
7731
7734
7736
7737
7738
7739
7740
7742
7743
7744
7745
7747
7749
7750
7752
7753
7754
7755
7756
7758
7759
7760
7761
7762
7763
7772
7773
7774
7775
7776
7777
7778
7780
7781
7782
7783
7787
7788
7789
7790
7791
7792
7793
7796
7797
7798
7799
7800
7804
7805
7806
7807
7811
7812
7813
7815
7816
7817
7818
7819
7820
7821
7822
7824
7827
7829
7830
7833
7837
7840
7842
7843
7844
7845
7846
7849
7851
7852
7853
7854
7855
7859
7860
7861
7862
7863
7864
7866
7867
7868
7869
7870
7871
7872
7873
7876
7877
7878
7881
7883
7884
7885
7886
7887
7889
7890
7895
7896
7897
7898
7899
7900
7902
7903
7904
7905
7907
7908
7912
7914
7917
7918
7919
7924
7925
7927
7928
7929
7930
7932
7935
7936
7937
7941
7942
7943
7944
7945
7946
7947
7948
7949
7951
7952
7953
7954
7955
7958
7959
7960
7961
7962
7963
7966
7967
7968
7970
7971
7972
7973
7978
7980
7982
7985
7987
7988
7989
7990
7991
7994
7995
7996
7998
7999
8003
8004
8005
8006
8009
8010
8011
8012
8013
8014
8015
8017
8019
8020
8021
8022
8025
8026
8027
8028
8029
8030
8031
8033
8034
8035
8036
8039
8040
8041
8042
8043
8047
8048
8049
8051
8052
8053
8054
8056
8057
8058
8059
8060
8061
8062
8063
8065
8066
8067
8068
8069
8070
8071
8073
8075
8076
8077
8078
8079
8087
8088
8090
8093
8095
8097
8100
8102
8103
8104
8105
8106
8107
8108
8109
8111
8113
8114
8115
8116
8117
8118
8122
8123
8124
8126
8127
8131
8133
8134
8136
8139
8140
8141
8143
8146
8147
8148
8149
8152
8153
8154
8155
8156
8160
8161
8162
8163
8165
8167
8168
8169
8170
8171
8172
8173
8174
8175
8177
8178
8179
8180
8181
8182
8186
8187
8188
8189
8190
8192
8193
8194
8195
8196
8197
8199
8200
8201
8203
8204
8205
8206
8207
8208
8209
8210
8213
8214
8217
8221
8222
8224
8226
8227
8228
8229
8230
8231
8232
8233
8234
8235
8238
8239
8240
8241
8242
8244
8248
8251
8255
8262
8263
8264
8266
8267
8268
8270
8271
8272
8273
8275
8276
8278
8279
8281
8282
8286
8287
8289
8290
8291
8295
8296
8297
8298
8299
8305
8308
8310
8311
8315
8317
8318
8319
8320
8322
8324
8325
8327
8332
8333
8334
8335
8336
8337
8338
8341
8342
8346
8347
8348
8350
8351
8352
8353
8354
8355
8356
8357
8358
8359
8362
8363
8364
8368
8369
8371
8374
8376
8377
8378
8381
8383
8384
8385
8386
8387
8388
8390
8392
8393
8394
8395
8397
8398
8399
8400
8404
8405
8407
8408
8409
8410
8411
8412
8414
8416
8417
8420
8421
8423
8427
8429
8432
8433
8434
8439
8441
8442
8444
8445
8448
8451
8452
8454
8458
8459
8461
8464
8465
8468
8472
8476
8477
8479
8481
8482
8483
8484
8485
8486
8487
8488
8490
8492
8493
8494
8495
8496
8497
8498
8499
8500
8501
8502
8503
8504
8505
8506
8507
8508
8512
8513
8516
8517
8518
8521
8522
8524
8527
8528
8530
8532
8533
8534
8536
8537
8538
8539
8540
8541
8542
8545
8546
8547
8548
8549
8550
8552
8553
8554
8555
8556
8557
8558
8559
8560
8561
8562
8563
8564
8565
8566
8567
8568
8569
8570
8571
8572
8573
8574
8576
8577
8580
8582
8583
8584
8585
8586
8587
8588
8589
8590
8591
8592
8593
8594
8596
8597
8598
8599
8600
8602
8603
8605
8606
8607
8608
8609
8610
8611
8612
8613
8614
8618
8619
8620
8621
8624
8625
8626
8627
8628
8629
8630
8631
8632
8633
8636
8637
8639
8640
8641
8642
8643
8644
8645
8646
8647
8650
8651
8652
8653
8655
8657
8658
8659
8660
8661
8663
8664
8665
8666
8667
8668
8669
8670
8671
8672
8674
8676
8678
8679
8680
8681
8682
8685
8686
8687
8688
8689
8690
8691
8692
8693
8694
8695
8696
8697
8698
8699
8700
8702
8703
8705
8708
8710
8711
8712
8714
8715
8719
8721
8722
8724
8725
8726
8727
8728
8732
8734
8737
8738
8739
8740
8741
8742
8743
8745
8746
8748
8749
8750
8755
8756
8757
8759
8760
8761
8763
8764
8765
8766
8767
8768
8769
8770
8772
8773
8774
8775
8776
8778
8779
8780
8781
8782
8783
8784
8785
8786
8787
8788
8792
8793
8794
8795
8796
8797
8798
8799
8800
8801
8802
8803
8804
8805
8806
8807
8808
8811
8812
8815
8816
8817
8818
8819
8820
8825
8826
8827
8828
8829
8830
8831
8832
8833
8834
8836
8840
8841
8845
8846
8847
8848
8850
8851
8853
8854
8857
8859
8860
8861
8862
8867
8868
8869
8870
8872
8873
8874
8875
8877
8878
8880
8882
8883
8884
8885
8886
8887
8888
8892
8893
8894
8895
8896
8897
8898
8899
8901
8902
8903
8904
8905
8906
8907
8908
8909
8910
8911
8912
8913
8914
8916
8917
8918
8920
8922
8923
8924
8929
8930
8931
8933
8935
8936
8937
8938
8939
8940
8942
8943
8945
8946
8947
8949
8950
8952
8953
8955
8958
8960
8965
8966
8967
8969
8970
8971
8973
8976
8978
8979
8980
8981
8982
8983
8985
8986
8987
8988
8989
8990
8992
8993
8995
9000
9001
9003
9004
9006
9007
9008
9011
9012
9013
9015
9016
9017
9018
9020
9021
9022
9023
9024
9025
9027
9028
9029
9030
9031
9032
9033
9040
9044
9046
9049
9050
9051
9052
9053
9055
9057
9058
9059
9060
9064
9065
9066
9071
9073
9074
9075
9076
9078
9079
9080
9081
9082
9083
9084
9085
9086
9087
9089
9091
9092
9093
9094
9095
9096
9097
9098
9099
9100
9101
9102
9106
9107
9108
9109
9112
9113
9114
9116
9117
9118
9119
9120
9121
9122
9123
9124
9125
9127
9128
9131
9132
9134
9137
9138
9139
9143
9144
9146
9147
9148
9149
9150
9151
9152
9153
9155
9156
9157
9158
9159
9161
9162
9166
9167
9168
9169
9170
9171
9172
9176
9179
9181
9182
9185
9186
9187
9188
9189
9190
9191
9192
9193
9198
9199
9205
9206
9207
9212
9214
9215
9216
9217
9219
9220
9221
9222
9223
9225
9226
9227
9228
9229
9230
9231
9232
9233
9234
9236
9237
9239
9240
9241
9242
9243
9244
9248
9249
9250
9251
9253
9254
9258
9259
9262
9263
9264
9265
9266
9268
9269
9270
9273
9274
9275
9277
9278
9279
9280
9281
9282
9284
9285
9286
9287
9288
9289
9290
9291
9292
9294
9295
9298
9300
9303
9304
9305
9306
9310
9311
9314
9316
9317
9318
9319
9320
9321
9323
9324
9325
9326
9327
9329
9330
9331
9332
9333
9334
9335
9336
9337
9338
9340
9341
9342
9345
9346
9347
9348
9349
9350
9354
9355
9356
9358
9359
9360
9361
9362
9363
9364
9365
9367
9368
9369
9371
9373
9374
9375
9376
9378
9381
9382
9383
9384
9385
9386
9387
9389
9390
9392
9393
9394
9396
9400
9401
9403
9404
9405
9406
9407
9408
9409
9410
9413
9414
9417
9418
9419
9420
9421
9424
9425
9426
9427
9428
9429
9430
9431
9432
9433
9434
9435
9437
9440
9441
9442
9443
9444
9445
9449
9450
9451
9452
9453
9455
9458
9459
9461
9464
9466
9467
9468
9470
9471
9472
9473
9474
9475
9476
9477
9478
9479
9480
9481
9485
9486
9487
9489
9490
9491
9492
9493
9494
9496
9497
9498
9499
9500
9502
9503
9504
9505
9506
9508
9509
9510
9511
9512
9513
9514
9515
9516
9517
9518
9519
9522
9523
9525
9526
9527
9528
9529
9530
9531
9532
9534
9538
9539
9540
9541
9544
9545
9546
9549
9550
9553
9554
9558
9559
9560
9561
9562
9564
9566
9567
9569
9574
9576
9577
9578
9579
9580
9581
9583
9584
9585
9592
9593
9594
9596
9597
9598
9599
9600
9603
9605
9606
9609
9611
9612
9613
9614
9615
9616
9617
9621
9625
9626
9627
9628
9629
9631
9632
9633
9634
9636
9638
9640
9643
9645
9646
9647
9648
9649
9650
9651
9654
9658
9659
9660
9661
9662
9663
9664
9665
9666
9668
9669
9671
9672
9673
9674
9675
9676
9677
9678
9680
9681
9682
9683
9688
9689
9690
9691
9692
9693
9695
9696
9697
9698
9699
9700
9701
9702
9703
9705
9706
9707
9708
9709
9710
9711
9712
9713
9714
9715
9716
9717
9718
9720
9725
9726
9728
9729
9732
9733
9734
9736
9737
9738
9739
9740
9741
9742
9743
9744
9745
9747
9748
9749
9750
9751
9755
9756
9757
9758
9759
9760
9761
9762
9763
9764
9766
9767
9772
9773
9774
9776
9777
9778
9781
9784
9785
9786
9788
9789
9790
9791
9792
9793
9794
9795
9796
9798
9800
9801
9802
9803
9804
9808
9809
9812
9813
9814
9815
9817
9818
9820
9821
9822
9823
9824
9825
9826
9827
9828
9829
9830
9831
9832
9835
9836
9837
9841
9843
9844
9845
9846
9849
9850
9851
9856
9857
9858
9861
9862
9863
9864
9865
9868
9869
9872
9873
9874
9875
9877
9879
9880
9882
9883
9884
9885
9886
9887
9888
9889
9890
9891
9894
9898
9901
9904
9905
9906
9907
9908
9909
9912
9913
9915
9916
9917
9918
9919
9920
9921
9922
9923
9924
9925
9926
9927
9928
9930
9931
9934
9935
9936
9937
9938
9940
9943
9944
9945
9946
9949
9950
9951
9952
9956
9957
9958
9961
9962
9963
9966
9967
9971
9973
9974
9976
9977
9978
9979
9980
9982
9983
9984
9985
9986
9987
9992
9993
10005
10026
10027
10031
10032
10036
10037
10038
10039
10042
10043
10052
10053
10054
10055
10057
10058
10069
10071
10073
10074
10075
10076
10077
10079
10080
10083
10085
10086
10087
10089
10091
10092
10093
10094
10095
10096
10097
10098
10102
10103
10107
10108
10109
10110
10111
10112
10113
10114
10117
10118
10119
10120
10121
10125
10127
10129
10130
10131
10134
10136
10137
10138
10139
10141
10145
10146
10147
10151
10152
10153
10154
10156
10157
10158
10159
10160
10162
10163
10165
10166
10167
10168
10169
10170
10171
10172
10173
10175
10177
10178
10179
10183
10185
10186
10187
10188
10189
10192
10193
10194
10195
10196
10198
10199
10200
10203
10204
10205
10206
10207
10209
10213
10215
10218
10219
10220
10221
10222
10223
10224
10225
10226
10227
10228
10229
10231
10232
10234
10235
10238
10239
10240
10243
10244
10245
10246
10247
10248
10249
10250
10251
10252
10253
10254
10255
10256
10257
10258
10260
10261
10262
10263
10265
10271
10276
10277
10280
10281
10282
10283
10284
10285
10286
10287
10288
10289
10290
10291
10292
10293
10294
10295
10296
10297
10298
10299
10300
10301
10302
10303
10304
10305
10306
10307
10308
10309
10312
10313
10315
10317
10318
10319
10322
10323
10324
10325
10326
10327
10328
10329
10331
10332
10334
10335
10336
10340
10345
10346
10351
10352
10353
10355
10357
10359
10362
10364
10366
10367
10368
10369
10370
10371
10372
10374
10375
10376
10381
10382
10383
10386
10387
10388
10389
10390
10391
10392
10393
10394
10395
10396
10397
10398
10399
10400
10401
10402
10403
10404
10405
10407
10408
10409
10410
10411
10413
10419
10420
10421
10422
10423
10425
10427
10428
10432
10433
10435
10437
10438
10439
10441
10442
10444
10445
10449
10450
10453
10454
10456
10457
10459
10460
10461
10463
10464
10465
10466
10467
10468
10469
10471
10472
10473
10474
10479
10480
10481
10482
10483
10484
10487
10488
10493
10494
10495
10496
10497
10498
10499
10502
10503
10505
10506
10507
10511
10512
10513
10516
10517
10519
10520
10521
10522
10523
10524
10525
10526
10527
10528
10529
10531
10533
10534
10535
10536
10537
10539
10540
10542
10543
10544
10547
10550
10551
10553
10554
10555
10556
10557
10558
10559
10561
10563
10567
10571
10575
10576
10577
10579
10580
10581
10582
10583
10585
10586
10587
10588
10590
10591
10592
10594
10595
10599
10600
10602
10605
10606
10607
10608
10609
10611
10612
10613
10614
10619
10622
10623
10624
10625
10626
10627
10628
10629
10631
10637
10640
10641
10642
10643
10644
10645
10646
10648
10649
10650
10651
10653
10654
10656
10657
10658
10659
10661
10662
10663
10664
10666
10669
10670
10671
10672
10673
10677
10678
10679
10681
10682
10683
10684
10685
10687
10690
10691
10692
10696
10697
10698
10699
10700
10701
10702
10703
10705
10706
10707
10709
10714
10715
10716
10717
10718
10720
10721
10722
10723
10724
10725
10726
10728
10729
10730
10731
10733
10734
10735
10736
10737
10740
10741
10742
10743
10744
10745
10749
10750
10751
10752
10753
10754
10755
10756
10757
10758
10761
10762
10766
10767
10768
10769
10773
10774
10775
10776
10777
10778
10779
10780
10781
10784
10785
10786
10787
10791
10792
10793
10794
10795
10796
10798
10799
10801
10802
10803
10804
10805
10806
10807
10808
10809
10810
10813
10814
10816
10818
10819
10821
10822
10823
10824
10825
10826
10827
10828
10829
10830
10833
10835
10837
10838
10839
10840
10841
10842
10843
10845
10849
10850
10851
10852
10853
10854
10855
10857
10859
10860
10861
10862
10863
10865
10867
10868
10869
10870
10871
10872
10874
10876
10877
10878
10882
10884
10885
10889
10890
10891
10892
10893
10895
10896
10897
10900
10901
10902
10903
10904
10907
10909
10910
10911
10913
10914
10915
10921
10922
10923
10924
10925
10926
10927
10928
10932
10933
10935
10936
10937
10939
10942
10943
10944
10946
10947
10948
10950
10951
10952
10953
10954
10955
10956
10957
10958
10959
10960
10961
10962
10963
10964
10965
10966
10969
10970
10971
10972
10974
10975
10976
10977
10978
10979
10980
10981
10982
10983
10986
10987
10988
10989
10992
10996
10997
10999
11000
11001
11006
11009
11010
11012
11013
11015
11016
11017
11018
11019
11020
11021
11022
11023
11024
11025
11026
11027
11029
11031
11034
11037
11038
11039
11040
11042
11043
11044
11046
11054
11056
11057
11058
11059
11062
11066
11070
11071
11072
11073
11074
11076
11079
11080
11084
11085
11087
11090
11091
11092
11093
11094
11095
11096
11097
11098
11100
11101
11104
11105
11106
11107
11108
11111
11112
11113
11114
11115
11116
11117
11118
11119
11121
11122
11123
11124
11125
11126
11127
11128
11129
11131
11135
11136
11138
11139
11141
11145
11149
11151
11152
11153
11154
11155
11156
11157
11158
11159
11162
11163
11164
11165
11166
11171
11172
11173
11174
11178
11179
11180
11181
11182
11183
11184
11186
11187
11188
11189
11191
11192
11194
11196
11197
11198
11199
11200
11201
11202
11203
11204
11207
11208
11210
11211
11212
11213
11214
11215
11217
11218
11219
11220
11223
11225
11229
11231
11233
11235
11236
11239
11240
11243
11245
11246
11247
11249
11250
11251
11252
11254
11258
11259
11261
11262
11265
11269
11270
11273
11275
11276
11277
11278
11281
11284
11287
11291
11292
11293
11294
11295
11296
11297
11298
11300
11301
11302
11303
11304
11305
11306
11311
11312
11313
11314
11315
11316
11317
11318
11319
11322
11323
11324
11325
11326
11327
11328
11329
11330
11331
11332
11333
11334
11335
11336
11340
11343
11344
11345
11346
11347
11348
11349
11350
11351
11352
11353
11354
11356
11357
11358
11360
11361
11362
11363
11364
11365
11368
11371
11373
11375
11378
11379
11380
11381
11383
11384
11386
11387
11388
11389
11390
11392
11393
11394
11395
11397
11398
11400
11401
11402
11404
11405
11406
11408
11409
11410
11414
11415
11416
11418
11419
11420
11421
11422
11423
11424
11425
11426
11428
11429
11430
11431
11434
11435
11436
11437
11441
11442
11443
11445
11446
11450
11451
11452
11454
11455
11456
11457
11458
11460
11461
11463
11464
11465
11466
11468
11469
11470
11472
11476
11477
11481
11483
11484
11485
11486
11487
11488
11489
11490
11491
11493
11494
11495
11496
11497
11498
11499
11503
11504
11506
11507
11511
11512
11515
11516
11517
11518
11519
11520
11521
11522
11523
11524
11525
11527
11528
11529
11530
11531
11532
11533
11535
11536
11537
11538
11541
11542
11544
11545
11547
11548
11550
11551
11552
11555
11556
11557
11558
11560
11561
11562
11563
11564
11565
11566
11567
11568
11569
11570
11571
11572
11573
11576
11577
11578
11579
11581
11583
11584
11585
11587
11588
11589
11590
11591
11593
11594
11595
11596
11598
11599
11600
11601
11604
11605
11610
11611
11612
11613
11616
11617
11618
11620
11621
11622
11624
11626
11627
11629
11630
11631
11632
11634
11635
11636
11637
11638
11639
11640
11641
11646
11648
11649
11650
11651
11652
11655
11658
11661
11662
11663
11664
11665
11666
11667
11668
11669
11670
11672
11673
11677
11679
11681
11682
11683
11684
11685
11686
11687
11690
11692
11693
11694
11695
11696
11697
11698
11699
11700
11701
11702
11703
11704
11705
11706
11707
11708
11709
11710
11713
11717
11721
11722
11725
11726
11727
11728
11731
11732
11733
11734
11735
11737
11738
11740
11744
11746
11747
11748
11751
11752
11753
11755
11757
11760
11761
11762
11763
11764
11765
11767
11768
11769
11770
11773
11774
11775
11776
11777
11779
11781
11782
11784
11785
11787
11788
11789
11790
11791
11792
11793
11794
11795
11796
11798
11800
11801
11802
11803
11805
11806
11810
11811
11812
11813
11814
11815
11816
11818
11819
11820
11821
11822
11823
11824
11825
11829
11830
11831
11832
11833
11834
11835
11837
11840
11841
11843
11844
11845
11848
11849
11850
11852
11853
11854
11855
11858
11859
11861
11863
11864
11866
11867
11868
11869
11870
11871
11875
11876
11877
11878
11879
11881
11882
11883
11884
11887
11888
11889
11891
11894
11896
11897
11898
11901
11902
11903
11904
11905
11909
11910
11911
11912
11914
11916
11917
11918
11919
11924
11926
11927
11928
11929
11930
11935
11936
11938
11939
11940
11941
11946
11947
11948
11949
11952
11953
11954
11955
11956
11957
11958
11962
11963
11964
11965
11966
11971
11973
11974
11975
11977
11982
11983
11984
11986
11987
11988
11989
11990
11991
11992
11993
11994
11996
11998
12000
12001
12002
12003
12005
12006
12007
12008
12009
12010
12011
12012
12013
12016
12017
12018
12019
12020
12022
12023
12024
12025
12026
12027
12028
12029
12031
12032
12033
12034
12035
12036
12040
12042
12043
12044
12046
12047
12048
12049
12050
12053
12054
12055
12056
12057
12058
12060
12061
12062
12063
12064
12066
12067
12069
12070
12072
12073
12074
12075
12078
12079
12080
12083
12084
12089
12090
12091
12092
12094
12095
12097
12098
12099
12100
12101
12102
12103
12104
12107
12108
12109
12110
12111
12112
12113
12114
12116
12117
12118
12120
12122
12123
12126
12127
12129
12130
12131
12132
12134
12135
12136
12137
12138
12139
12140
12141
12142
12143
12146
12147
12148
12149
12150
12151
12152
12153
12154
12155
12156
12157
12158
12159
12160
12163
12164
12165
12167
12168
12170
12172
12173
12174
12175
12176
12177
12178
12179
12181
12182
12183
12185
12187
12188
12189
12190
12191
12192
12193
12194
12195
12196
12199
12200
12203
12204
12205
12206
12207
12208
12209
12210
12211
12212
12215
12216
12217
12221
12222
12224
12225
12228
12233
12234
12235
12236
12237
12238
12239
12240
12241
12242
12243
12244
12245
12246
12247
12248
12249
12250
12252
12254
12256
12257
12259
12260
12261
12262
12263
12264
12265
12269
12270
12271
12272
12273
12275
12276
12277
12278
12279
12280
12281
12282
12283
12284
12285
12287
12290
12291
12294
12296
12297
12298
12299
12300
12301
12302
12306
12307
12308
12309
12310
12311
12312
12313
12314
12316
12317
12318
12319
12320
12321
12322
12324
12328
12329
12330
12331
12332
12333
12336
12337
12338
12342
12343
12345
12346
12348
12350
12351
12352
12353
12354
12355
12356
12357
12358
12359
12360
12361
12362
12363
12364
12365
12366
12368
12373
12375
12376
12377
12379
12380
12381
12383
12384
12385
12387
12390
12392
12393
12394
12395
12396
12402
12403
12404
12407
12408
12409
12411
12412
12413
12415
12416
12418
12420
12422
12423
12424
12425
12426
12427
12428
12433
12434
12436
12437
12439
12440
12441
12443
12444
12445
12447
12449
12450
12451
12452
12453
12454
12455
12456
12457
12458
12460
12461
12462
12468
12469
12470
12471
12472
12473
12474
12475
12476
12480
12481
12483
12484
12487
12488
12489
12491
12492
12493
12494
12496
12497
12500
12501
12502
12503
12504
12505
12507
12508
12511
12512
12513
12514
12516
12520
12522
12523
12524
12525
12526
12527
12528
12529
12530
12531
12533
12541
12542
12544
12545
12547
12548
12550
12551
12552
12553
12555
12556
12558
12559
12560
12561
12562
12563
12564
12565
12566
12567
12569
12574
12575
12576
12577
12579
12580
12581
12582
12583
12584
12585
12586
12587
12588
12590
12591
12593
12595
12596
12598
12599
12601
12603
12604
12605
12606
12607
12611
12614
12618
12619
12621
12622
12623
12624
12625
12626
12627
12628
12629
12630
12631
12633
12634
12635
12636
12637
12638
12639
12640
12643
12644
12652
12653
12654
12656
12658
12662
12663
12664
12665
12666
12667
12669
12670
12671
12672
12673
12674
12675
12679
12680
12681
12682
12683
12684
12685
12686
12687
12688
12689
12690
12691
12692
12693
12694
12696
12697
12699
12700
12701
12702
12703
12704
12705
12706
12707
12708
12709
12710
12711
12712
12715
12716
12717
12721
12722
12723
12724
12725
12726
12728
12729
12731
12732
12733
12735
12736
12738
12739
12740
12742
12743
12744
12745
12747
12751
12753
12754
12755
12757
12758
12759
12760
12761
12762
12763
12765
12766
12767
12768
12769
12770
12771
12772
12773
12774
12775
12776
12778
12779
12780
12782
12784
12787
12788
12789
12790
12791
12792
12793
12794
12796
12797
12798
12799
12800
12801
12802
12803
12804
12805
12806
12807
12808
12809
12810
12811
12813
12814
12821
12822
12823
12824
12825
12826
12830
12831
12832
12833
12834
12835
12836
12837
12838
12839
12840
12843
12844
12845
12847
12848
12849
12850
12851
12852
12853
12857
12858
12859
12860
12861
12862
12863
12864
12865
12866
12867
12869
12870
12871
12872
12873
12874
12875
12876
12878
12882
12884
12886
12887
12888
12891
12894
12895
12896
12897
12899
12900
12901
12902
12903
12904
12905
12906
12907
12908
12909
12911
12914
12915
12919
12920
12921
12923
12925
12926
12927
12928
12931
12932
12933
12935
12936
12937
12938
12940
12941
12942
12943
12944
12945
12946
12947
12948
12949
12950
12951
12953
12954
12955
12956
12957
12958
12959
12960
12962
12963
12966
12967
12968
12969
12970
12972
12973
12974
12975
12976
12977
12980
12981
12982
12984
12985
12986
12987
12988
12989
12990
12991
12992
12993
12994
12995
12996
12997
12999
13003
13004
13005
13006
13007
13009
13011
13012
13013
13015
13016
13017
13019
13020
13021
13022
13023
13024
13025
13028
13029
13030
13032
13033
13034
13035
13036
13037
13038
13040
13041
13042
13044
13045
13046
13048
13053
13055
13056
13057
13058
13059
13060
13064
13066
13068
13069
13070
13072
13074
13075
13076
13077
13078
13079
13080
13081
13082
13083
13084
13085
13087
13088
13090
13091
13092
13093
13094
13095
13096
13097
13101
13102
13103
13104
13108
13109
13110
13112
13113
13114
13115
13116
13117
13118
13122
13123
13124
13125
13127
13128
13129
13131
13132
13133
13134
13138
13139
13140
13141
13142
13144
13145
13147
13149
13150
13154
13155
13156
13157
13159
13162
13164
13165
13166
13167
13168
13169
13170
13174
13175
13176
13178
13180
13181
13182
13183
13184
13185
13186
13187
13188
13194
13195
13196
13200
13201
13202
13203
13204
13205
13206
13207
13208
13209
13211
13212
13214
13215
13216
13217
13219
13220
13221
13222
13223
13224
13225
13226
13228
13229
13230
13231
13235
13236
13237
13239
13240
13241
13242
13243
13245
13246
13247
13249
13251
13252
13253
13255
13256
13257
13258
13260
13261
13262
13263
13264
13265
13266
13267
13268
13269
13270
13271
13275
13276
13277
13278
13280
13284
13285
13290
13292
13294
13295
13297
13298
13299
13300
13302
13303
13304
13305
13306
13308
13309
13310
13311
13312
13313
13314
13315
13316
13319
13320
13322
13323
13326
13327
13328
13329
13330
13331
13332
13334
13335
13336
13337
13339
13340
13341
13342
13343
13344
13345
13346
13347
13348
13350
13351
13352
13354
13355
13356
13357
13359
13360
13364
13365
13366
13368
13369
13370
13374
13375
13376
13377
13379
13380
13382
13383
13384
13385
13387
13388
13390
13391
13393
13395
13398
13399
13400
13402
13403
13406
13409
13410
13412
13413
13414
13415
13416
13417
13418
13419
13420
13421
13423
13429
13431
13432
13433
13434
13435
13436
13437
13440
13441
13442
13443
13444
13445
13446
13447
13448
13449
13450
13451
13452
13453
13454
13455
13456
13457
13463
13465
13466
13467
13469
13470
13472
13473
13474
13475
13476
13477
13478
13479
13480
13481
13482
13483
13484
13485
13486
13487
13488
13489
13490
13491
13492
13494
13495
13499
13500
13502
13503
13504
13505
13506
13509
13512
13513
13514
13517
13518
13519
13520
13521
13522
13523
13524
13531
13532
13533
13534
13535
13536
13538
13540
13541
13542
13543
13544
13546
13547
13548
13550
13551
13553
13555
13559
13560
13561
13562
13563
13565
13566
13567
13569
13570
13571
13572
13574
13576
13578
13580
13581
13582
13583
13584
13585
13586
13587
13593
13594
13595
13596
13598
13599
13600
13601
13602
13603
13604
13605
13609
13610
13611
13612
13614
13615
13616
13617
13618
13619
13622
13626
13628
13630
13631
13632
13634
13635
13637
13638
13640
13641
13644
13646
13647
13649
13650
13652
13657
13658
13660
13661
13662
13663
13664
13665
13666
13667
13668
13669
13670
13671
13672
13673
13674
13676
13677
13678
13683
13684
13685
13686
13687
13688
13689
13693
13696
13697
13698
13699
13702
13703
13704
13705
13708
13709
13710
13712
13713
13714
13716
13717
13718
13719
13724
13726
13728
13729
13730
13733
13734
13739
13740
13741
13743
13744
13745
13746
13747
13748
13749
13750
13752
13753
13754
13755
13761
13762
13763
13764
13765
13766
13767
13768
13769
13770
13771
13773
13774
13775
13778
13779
13781
13783
13786
13787
13788
13794
13795
13796
13797
13798
13799
13800
13804
13805
13807
13809
13811
13812
13813
13814
13816
13817
13818
13820
13821
13822
13823
13826
13827
13828
13829
13830
13831
13833
13836
13837
13838
13839
13840
13841
13842
13844
13850
13852
13853
13861
13863
13864
13865
13866
13868
13872
13873
13875
13876
13877
13878
13879
13881
13882
13885
13886
13887
13888
13891
13893
13894
13898
13900
13901
13902
13903
13905
13907
13908
13909
13910
13911
13912
13913
13915
13917
13919
13922
13924
13928
13929
13930
13935
13936
13939
13941
13944
13948
13949
13951
13953
13955
13956
13957
13958
13959
13971
13972
13977
13980
13982
13983
13984
13985
13986
13987
13988
13989
13990
13991
13992
13993
13996
13998
14002
14003
14004
14006
14007
14008
14010
14011
14012
14013
14014
14015
14016
14020
14021
14022
14023
14025
14026
14027
14028
14029
14032
14033
14037
14043
14044
14045
14046
14048
14049
14050
14053
14054
14055
14056
14057
14058
14059
14061
14062
14063
14064
14065
14067
14068
14069
14070
14075
14078
14079
14080
14081
14082
14083
14084
14085
14086
14087
14088
14091
14092
14093
14094
14099
14100
14101
14102
14103
14107
14109
14110
14111
14117
14118
14119
14120
14121
14122
14123
14124
14127
14128
14130
14134
14136
14138
14143
14144
14148
14149
14150
14151
14154
14155
14156
14158
14159
14160
14161
14162
14167
14169
14170
14171
14172
14173
14177
14178
14180
14181
14182
14183
14184
14186
14187
14188
14190
14192
14193
14194
14195
14196
14197
14199
14200
14203
14204
14205
14206
14207
14208
14209
14210
14217
14218
14219
14221
14222
14223
14224
14226
14227
14228
14230
14231
14232
14234
14236
14237
14238
14240
14244
14245
14246
14248
14249
14250
14251
14252
14253
14256
14257
14258
14259
14264
14265
14266
14267
14268
14269
14271
14272
14276
14278
14279
14280
14281
14282
14283
14285
14286
14287
14288
14289
14290
14291
14292
14293
14294
14295
14296
14298
14300
14301
14302
14303
14304
14305
14307
14308
14312
14314
14317
14318
14319
14320
14321
14322
14323
14324
14325
14326
14327
14329
14330
14331
14332
14333
14334
14335
14336
14337
14338
14339
14340
14341
14342
14343
14344
14345
14348
14349
14350
14351
14352
14353
14354
14355
14356
14358
14360
14361
14362
14363
14364
14369
14370
14371
14372
14374
14375
14376
14377
14380
14381
14384
14386
14387
14388
14389
14390
14391
14392
14393
14395
14396
14397
14398
14400
14401
14402
14404
14405
14406
14409
14412
14413
14414
14415
14416
14417
14418
14421
14422
14423
14424
14425
14426
14427
14428
14431
14433
14434
14435
14436
14438
14439
14440
14441
14442
14443
14446
14450
14451
14452
14453
14454
14455
14456
14457
14458
14459
14460
14461
14462
14463
14464
14465
14466
14467
14468
14469
14470
14471
14472
14473
14474
14475
14476
14477
14480
14482
14483
14484
14486
14488
14489
14490
14491
14492
14493
14494
14495
14496
14498
14499
14500
14501
14502
14503
14504
14505
14506
14508
14509
14511
14512
14517
14518
14519
14520
14521
14522
14523
14524
14525
14526
14527
14528
14529
14532
14534
14535
14536
14537
14539
14540
14544
14547
14548
14550
14551
14552
14553
14554
14555
14556
14558
14559
14561
14562
14563
14564
14565
14566
14568
14571
14573
14575
14576
14578
14582
14585
14587
14588
14589
14590
14591
14592
14593
14594
14595
14596
14598
14599
14600
14601
14603
14605
14606
14607
14608
14609
14611
14612
14613
14614
14618
14620
14621
14622
14623
14624
14628
14629
14638
14639
14641
14642
14644
14645
14646
14647
14648
14649
14650
14654
14655
14656
14657
14658
14660
14661
14662
14663
14665
14666
14667
14669
14671
14672
14673
14674
14675
14676
14677
14679
14680
14681
14682
14687
14691
14694
14695
14696
14697
14700
14701
14702
14703
14704
14705
14706
14707
14709
14710
14711
14712
14713
14714
14715
14718
14719
14720
14723
14727
14730
14732
14733
14735
14736
14738
14739
14741
14742
14744
14745
14748
14750
14751
14752
14756
14757
14758
14759
14762
14764
14765
14766
14768
14770
14771
14772
14773
14774
14775
14776
14779
14783
14784
14785
14787
14790
14791
14792
14793
14794
14795
14796
14797
14798
14799
14800
14801
14802
14803
14804
14805
14806
14807
14808
14809
14810
14811
14812
14814
14815
14818
14819
14821
14822
14823
14824
14825
14826
14829
14830
14833
14834
14835
14836
14837
14838
14839
14840
14841
14842
14843
14844
14846
14847
14853
14855
14856
14857
14859
14860
14862
14863
14864
14865
14868
14869
14873
14874
14875
14876
14877
14878
14879
14883
14884
14890
14892
14894
14896
14897
14899
14900
14904
14906
14908
14909
14910
14912
14913
14915
14916
14918
14922
14923
14924
14925
14929
14930
14931
14932
14933
14934
14936
14937
14938
14940
14941
14942
14945
14946
14947
14948
14949
14954
14957
14959
14964
14965
14966
14967
14968
14969
14970
14971
14973
14976
14978
14979
14981
14982
14983
14985
14988
14989
14990
14991
14992
14993
14996
14997
14998
15000
15002
15004
15006
15007
15008
15009
15010
15011
15012
15013
15014
15015
15019
15020
15021
15022
15023
15024
15025
15026
15027
15029
15030
15031
15032
15033
15034
15035
15036
15037
15038
15039
15040
15041
15043
15045
15046
15047
15049
15050
15053
15054
15056
15057
15058
15059
15060
15062
15063
15064
15065
15066
15069
15070
15073
15075
15077
15079
15080
15081
15082
15083
15084
15086
15089
15090
15091
15092
15093
15094
15096
15098
15099
15100
15101
15103
15106
15107
15113
15114
15115
15116
15121
15122
15124
15125
15126
15127
15128
15129
15130
15132
15133
15134
15135
15136
15139
15140
15142
15144
15145
15147
15148
15150
15151
15152
15155
15156
15159
15160
15161
15163
15164
15165
15166
15169
15170
15171
15172
15173
15175
15176
15178
15179
15181
15185
15186
15188
15189
15190
15192
15194
15195
15197
15198
15199
15203
15204
15205
15206
15207
15208
15209
15210
15211
15212
15213
15214
15215
15216
15217
15221
15222
15224
15226
15227
15229
15230
15232
15233
15234
15235
15237
15239
15240
15241
15243
15245
15246
15248
15249
15250
15253
15254
15258
15259
15261
15262
15263
15265
15267
15268
15269
15270
15271
15272
15273
15275
15276
15277
15278
15279
15280
15287
15288
15289
15290
15293
15294
15296
15297
15298
15300
15303
15304
15307
15309
15313
15314
15318
15319
15320
15324
15327
15328
15330
15331
15335
15336
15338
15339
15340
15341
15343
15344
15345
15346
15347
15348
15349
15350
15351
15352
15353
15354
15355
15357
15362
15364
15365
15367
15368
15369
15370
15373
15374
15376
15377
15378
15379
15380
15381
15382
15386
15392
15393
15394
15395
15397
15398
15399
15402
15404
15405
15406
15407
15412
15413
15416
15417
15418
15419
15420
15421
15422
15423
15427
15428
15429
15433
15434
15435
15436
15437
15438
15439
15440
15441
15442
15443
15444
15445
15446
15447
15448
15449
15450
15451
15452
15453
15454
15455
15456
15457
15458
15459
15460
15464
15465
15466
15467
15468
15469
15470
15472
15473
15474
15479
15481
15482
15484
15486
15489
15490
15491
15492
15493
15494
15496
15497
15501
15502
15503
15504
15506
15507
15508
15509
15510
15512
15514
15515
15517
15518
15520
15524
15525
15526
15527
15528
15529
15530
15535
15536
15537
15538
15539
15541
15542
15544
15545
15546
15547
15549
15550
15553
15554
15555
15557
15560
15562
15563
15564
15565
15567
15570
15571
15572
15573
15574
15575
15576
15578
15579
15580
15581
15582
15583
15584
15586
15589
15590
15591
15592
15593
15594
15595
15596
15597
15598
15599
15606
15607
15609
15612
15613
15615
15617
15618
15619
15620
15621
15622
15623
15624
15625
15626
15627
15629
15631
15632
15633
15634
15637
15638
15639
15644
15645
15646
15647
15648
15650
15651
15652
15653
15655
15656
15657
15658
15659
15661
15662
15663
15664
15665
15666
15669
15670
15676
15677
15678
15683
15684
15686
15689
15690
15691
15692
15693
15694
15696
15697
15700
15701
15703
15704
15705
15706
15707
15709
15710
15713
15714
15716
15717
15718
15720
15722
15724
15725
15728
15729
15732
15733
15735
15736
15737
15739
15740
15742
15744
15745
15749
15750
15751
15752
15753
15754
15755
15756
15759
15761
15762
15764
15769
15771
15772
15777
15780
15781
15783
15788
15789
15793
15794
15796
15797
15799
15801
15802
15803
15804
15806
15812
15813
15819
15822
15823
15824
15826
15830
15834
15837
15839
15842
15843
15844
15845
15849
15850
15855
15856
15857
15858
15862
15863
15864
15865
15866
15867
15870
15875
15876
15877
15879
15882
15886
15887
15888
15890
15891
15892
15893
15898
15899
15900
15901
15903
15904
15905
15906
15908
15909
15910
15911
15912
15915
15918
15927
15928
15929
15930
15933
15935
15936
15940
15942
15943
15946
15947
15948
15951
15953
15954
15959
15962
15964
15965
15971
15980
15982
15983
15984
15986
15988
15989
15990
15994
15995
15996
16001
16002
16004
16007
16008
16009
16010
16011
16012
16013
16014
16015
16016
16017
16018
16021
16024
16028
16029
16030
16031
16032
16034
16037
16041
16044
16045
16048
16049
16051
16052
16053
16054
16056
16057
16059
16061
16062
16063
16064
16065
16066
16067
16068
16071
16072
16073
16077
16079
16080
16081
16082
16083
16086
16087
16088
16089
16090
16091
16092
16094
16095
16097
16099
16100
16101
16102
16106
16108
16109
16110
16113
16114
16115
16116
16117
16118
16119
16121
16123
16124
16125
16127
16128
16129
16131
16132
16134
16137
16139
16141
16142
16143
16145
16147
16150
16152
16154
16155
16157
16158
16159
16160
16161
16162
16163
16164
16165
16167
16168
16169
16170
16171
16172
16173
16174
16175
16177
16178
16180
16181
16182
16186
16187
16188
16189
16190
16191
16192
16193
16194
16196
16197
16198
16199
16200
16201
16204
16205
16206
16207
16208
16213
16215
16216
16218
16224
16226
16228
16230
16237
16238
16241
16243
16246
16247
16248
16250
16251
16252
16259
16263
16266
16269
16270
16272
16273
16275
16276
16279
16280
16281
16284
16287
16288
16289
16291
16293
16294
16296
16299
16300
16302
16303
16304
16305
16309
16310
16311
16313
16316
16317
16318
16319
16320
16321
16322
16323
16324
16325
16328
16329
16330
16331
16333
16334
16335
16336
16339
16342
16343
16348
16349
16351
16352
16353
16354
16355
16356
16357
16358
16359
16362
16364
16366
16367
16368
16369
16370
16371
16372
16374
16375
16377
16380
16384
16385
16386
16387
16388
16389
16390
16391
16392
16393
16394
16395
16397
16398
16399
16400
16401
16402
16405
16406
16408
16410
16411
16412
16417
16419
16420
16422
16423
16424
16425
16426
16427
16428
16433
16435
16436
16439
16440
16444
16446
16449
16450
16451
16452
16454
16457
16458
16459
16460
16462
16463
16464
16465
16466
16467
16468
16469
16471
16472
16473
16474
16475
16479
16480
16482
16484
16485
16486
16488
16489
16490
16491
16492
16493
16494
16495
16496
16497
16498
16499
16501
16502
16504
16505
16506
16507
16508
16512
16513
16514
16515
16516
16517
16519
16520
16521
16525
16529
16530
16531
16532
16533
16534
16535
16538
16539
16540
16543
16545
16546
16547
16548
16550
16551
16552
16553
16554
16555
16559
16561
16563
16564
16566
16567
16569
16571
16572
16573
16574
16576
16577
16580
16581
16582
16583
16593
16594
16595
16598
16599
16600
16601
16602
16603
16606
16610
16611
16612
16614
16616
16617
16618
16619
16620
16621
16622
16623
16624
16625
16628
16631
16632
16633
16634
16636
16637
16638
16639
16640
16641
16642
16645
16646
16649
16650
16651
16652
16653
16654
16656
16660
16661
16662
16664
16665
16666
16667
16668
16669
16670
16671
16672
16676
16678
16679
16680
16681
16682
16683
16684
16686
16688
16689
16690
16691
16692
16697
16699
16700
16702
16706
16707
16709
16710
16711
16712
16720
16721
16722
16723
16726
16728
16729
16730
16731
16733
16736
16738
16739
16740
16742
16743
16745
16746
16748
16749
16751
16754
16756
16757
16759
16760
16761
16763
16764
16765
16768
16769
16770
16771
16772
16773
16774
16775
16776
16778
16779
16780
16781
16783
16784
16785
16786
16787
16788
16789
16791
16793
16794
16798
16799
16801
16802
16803
16804
16807
16808
16809
16810
16812
16813
16814
16816
16818
16819
16820
16821
16822
16823
16826
16828
16829
16830
16832
16836
16837
16838
16839
16846
16847
16848
16851
16852
16853
16854
16855
16856
16858
16860
16861
16862
16865
16866
16867
16868
16869
16870
16871
16873
16874
16876
16878
16879
16880
16881
16883
16884
16885
16886
16887
16888
16892
16896
16899
16900
16901
16902
16903
16905
16906
16908
16911
16912
16913
16914
16915
16917
16918
16919
16921
16922
16923
16924
16929
16930
16931
16932
16933
16934
16935
16936
16937
16938
16939
16941
16943
16946
16947
16948
16949
16950
16952
16953
16954
16955
16956
16958
16959
16960
16961
16964
16966
16967
16970
16972
16973
16974
16975
16978
16979
16982
16983
16984
16985
16987
16988
16989
16991
16992
16993
16994
16995
16999
17000
17001
17002
17003
17004
17005
17007
17008
17009
17010
17011
17012
17013
17015
17017
17019
17021
17022
17023
17024
17025
17026
17027
17028
17031
17032
17033
17035
17038
17042
17044
17048
17049
17050
17052
17053
17054
17055
17056
17058
17060
17061
17062
17063
17064
17065
17066
17067
17068
17073
17074
17075
17076
17077
17078
17083
17084
17085
17086
17087
17088
17089
17091
17093
17094
17095
17096
17100
17101
17102
17104
17108
17110
17113
17114
17116
17117
17118
17119
17121
17122
17124
17125
17126
17129
17130
17132
17133
17135
17136
17137
17139
17140
17142
17143
17144
17146
17147
17150
17151
17155
17157
17161
17163
17164
17165
17166
17167
17168
17169
17170
17172
17173
17174
17175
17176
17179
17180
17181
17182
17183
17184
17185
17186
17187
17188
17189
17190
17191
17192
17193
17194
17195
17196
17198
17199
17201
17202
17203
17204
17206
17208
17209
17210
17215
17217
17219
17220
17221
17224
17225
17228
17230
17232
17234
17236
17237
17238
17243
17245
17246
17247
17253
17254
17255
17258
17259
17260
17261
17263
17264
17265
17266
17267
17269
17272
17273
17274
17276
17277
17282
17285
17286
17287
17288
17289
17290
17291
17292
17293
17294
17295
17296
17297
17299
17300
17302
17303
17304
17308
17311
17314
17315
17317
17318
17320
17321
17322
17323
17324
17325
17326
17327
17328
17329
17330
17331
17334
17335
17336
17337
17339
17340
17341
17342
17344
17345
17349
17350
17351
17353
17357
17358
17360
17361
17363
17364
17365
17366
17367
17368
17369
17370
17371
17372
17373
17374
17375
17377
17379
17380
17381
17384
17385
17386
17389
17390
17391
17393
17394
17395
17397
17398
17399
17401
17402
17403
17404
17405
17406
17407
17408
17409
17410
17411
17414
17417
17418
17420
17421
17422
17423
17424
17426
17427
17428
17429
17431
17432
17433
17434
17435
17436
17437
17438
17439
17440
17441
17444
17445
17446
17448
17451
17454
17455
17457
17458
17463
17472
17473
17476
17477
17478
17480
17481
17482
17483
17484
17485
17490
17491
17494
17495
17496
17497
17498
17499
17500
17501
17502
17503
17504
17505
17508
17509
17510
17511
17512
17513
17514
17515
17516
17517
17518
17520
17521
17522
17524
17525
17526
17527
17528
17529
17531
17532
17533
17535
17536
17537
17538
17539
17540
17543
17544
17545
17546
17547
17548
17549
17551
17552
17554
17555
17558
17559
17560
17561
17563
17564
17565
17566
17567
17568
17569
17576
17578
17580
17581
17582
17583
17586
17587
17588
17589
17590
17591
17592
17593
17594
17598
17599
17600
17601
17604
17606
17610
17611
17612
17613
17617
17618
17619
17621
17622
17623
17624
17625
17626
17627
17629
17630
17631
17632
17634
17637
17639
17640
17641
17642
17647
17649
17650
17652
17653
17654
17655
17656
17659
17660
17661
17662
17663
17667
17668
17670
17671
17672
17675
17676
17677
17678
17679
17680
17681
17683
17685
17686
17688
17689
17692
17693
17696
17697
17698
17699
17701
17702
17703
17704
17705
17707
17708
17710
17712
17713
17714
17715
17717
17718
17721
17722
17723
17724
17732
17733
17734
17735
17736
17739
17741
17743
17744
17745
17746
17747
17748
17749
17750
17751
17753
17755
17758
17760
17761
17763
17764
17769
17770
17772
17773
17774
17777
17778
17781
17783
17784
17787
17788
17789
17790
17793
17794
17795
17798
17801
17802
17803
17804
17806
17807
17808
17812
17814
17815
17818
17819
17821
17822
17823
17824
17830
17831
17833
17835
17837
17838
17840
17842
17843
17844
17847
17850
17851
17852
17853
17858
17860
17861
17862
17863
17864
17866
17867
17868
17872
17873
17874
17876
17877
17879
17880
17881
17882
17884
17887
17888
17889
17892
17893
17894
17895
17897
17898
17899
17900
17901
17902
17903
17904
17905
17907
17908
17909
17910
17911
17913
17914
17916
17917
17918
17919
17920
17923
17924
17927
17928
17929
17930
17931
17932
17933
17934
17936
17937
17938
17939
17940
17941
17943
17944
17945
17946
17947
17949
17950
17951
17952
17954
17955
17957
17958
17959
17962
17963
17966
17967
17969
17970
17971
17972
17973
17974
17976
17977
17978
17980
17981
17982
17983
17984
17987
17989
17991
17992
17993
17998
17999
18000
18001
18002
18003
18007
18008
18009
18011
18012
18013
18015
18016
18017
18018
18019
18020
18021
18022
18027
18028
18029
18030
18032
18033
18034
18035
18037
18038
18039
18040
18041
18048
18049
18050
18055
18056
18057
18058
18059
18060
18061
18062
18064
18065
18066
18069
18070
18072
18075
18076
18077
18078
18079
18080
18081
18083
18090
18091
18092
18093
18095
18100
18101
18102
18104
18106
18110
18111
18113
18114
18116
18117
18120
18123
18124
18130
18135
18136
18139
18141
18143
18144
18145
18147
18148
18149
18150
18151
18154
18156
18159
18160
18161
18165
18168
18170
18173
18174
18176
18177
18178
18179
18180
18182
18183
18184
18185
18186
18187
18190
18191
18193
18196
18197
18198
18199
18200
18201
18202
18203
18204
18205
18206
18207
18208
18209
18210
18211
18213
18214
18215
18216
18219
18220
18221
18222
18224
18225
18226
18227
18228
18229
18230
18231
18233
18234
18235
18236
18237
18238
18241
18242
18244
18246
18247
18248
18249
18250
18254
18255
18257
18259
18261
18262
18263
18264
18265
18266
18267
18268
18269
18270
18271
18272
18273
18274
18275
18276
18278
18279
18280
18281
18282
18283
18284
18288
18289
18290
18291
18292
18294
18295
18296
18298
18300
18301
18302
18304
18305
18307
18308
18309
18311
18312
18313
18316
18317
18319
18320
18323
18324
18325
18326
18327
18328
18329
18333
18334
18335
18336
18337
18338
18340
18342
18343
18344
18345
18346
18347
18348
18349
18351
18352
18353
18354
18355
18356
18359
18360
18361
18362
18363
18364
18365
18366
18367
18368
18369
18371
18373
18374
18375
18376
18377
18378
18379
18380
18381
18382
18383
18384
18386
18387
18388
18391
18392
18393
18394
18396
18397
18398
18399
18400
18401
18402
18403
18404
18405
18406
18407
18408
18409
18410
18411
18412
18414
18417
18419
18421
18422
18423
18424
18427
18430
18432
18433
18434
18435
18436
18437
18438
18440
18441
18443
18444
18445
18446
18447
18448
18450
18451
18452
18453
18454
18455
18456
18457
18458
18462
18463
18464
18467
18470
18473
18474
18476
18480
18481
18482
18484
18486
18487
18488
18489
18490
18497
18498
18499
18501
18502
18503
18504
18505
18506
18507
18508
18509
18510
18511
18515
18517
18518
18519
18520
18522
18523
18525
18526
18530
18532
18534
18535
18536
18537
18538
18539
18540
18541
18542
18544
18545
18546
18547
18548
18549
18550
18551
18554
18555
18556
18557
18558
18559
18560
18561
18562
18566
18567
18568
18570
18572
18573
18574
18575
18576
18577
18578
18579
18580
18581
18582
18583
18584
18585
18586
18587
18589
18590
18591
18593
18594
18595
18596
18597
18601
18602
18603
18604
18605
18607
18608
18609
18610
18611
18612
18613
18614
18616
18617
18619
18620
18621
18622
18623
18624
18625
18626
18627
18628
18630
18631
18632
18633
18636
18637
18640
18641
18642
18643
18644
18645
18648
18650
18651
18653
18656
18657
18658
18659
18660
18661
18662
18663
18665
18667
18668
18669
18672
18673
18674
18675
18676
18677
18678
18679
18680
18681
18682
18683
18684
18685
18686
18688
18690
18691
18694
18696
18698
18699
18700
18703
18704
18706
18709
18711
18712
18714
18716
18718
18720
18721
18722
18723
18725
18726
18727
18734
18736
18737
18738
18739
18743
18744
18745
18747
18748
18749
18751
18753
18755
18756
18757
18758
18759
18760
18761
18762
18767
18768
18769
18770
18771
18773
18774
18777
18778
18780
18781
18783
18789
18790
18791
18792
18795
18796
18797
18798
18799
18800
18801
18803
18804
18805
18806
18807
18808
18809
18810
18815
18818
18819
18820
18821
18823
18825
18826
18833
18836
18837
18838
18840
18841
18844
18846
18847
18851
18852
18853
18855
18856
18858
18859
18860
18861
18862
18863
18864
18865
18866
18867
18869
18870
18871
18872
18873
18874
18875
18878
18880
18884
18885
18886
18887
18888
18889
18891
18893
18894
18895
18896
18897
18898
18899
18900
18902
18903
18905
18906
18908
18913
18914
18915
18916
18917
18918
18919
18920
18921
18923
18925
18927
18928
18929
18930
18931
18932
18933
18934
18935
18936
18937
18938
18941
18942
18943
18944
18945
18946
18948
18949
18950
18951
18952
18954
18955
18956
18957
18959
18961
18967
18968
18969
18970
18971
18972
18973
18974
18978
18979
18980
18981
18983
18984
18986
18987
18989
18990
18991
18992
18993
18994
18995
18997
18998
18999
19000
19001
19002
19003
19004
19005
19006
19007
19008
19013
19014
19015
19016
19017
19018
19019
19020
19021
19022
19023
19024
19026
19027
19029
19030
19031
19032
19034
19035
19038
19039
19040
19042
19043
19044
19045
19048
19049
19050
19051
19052
19053
19054
19055
19056
19057
19058
19059
19060
19061
19062
19063
19064
19066
19067
19068
19069
19070
19071
19073
19074
19075
19076
19077
19078
19079
19080
19083
19084
19085
19086
19087
19090
19091
19092
19093
19094
19096
19098
19099
19103
19104
19106
19107
19108
19110
19111
19112
19114
19117
19119
19120
19123
19129
19132
19135
19136
19140
19141
19142
19144
19145
19146
19150
19153
19154
19155
19156
19157
19158
19159
19160
19162
19165
19166
19169
19170
19171
19172
19173
19174
19175
19176
19177
19178
19179
19180
19181
19182
19183
19184
19185
19189
19190
19191
19192
19195
19196
19197
19198
19199
19200
19201
19202
19203
19204
19205
19206
19207
19208
19210
19213
19214
19215
19216
19217
19218
19219
19220
19221
19222
19223
19224
19226
19227
19228
19230
19231
19233
19234
19235
19236
19238
